{
 "cells": [
  {
   "cell_type": "markdown",
   "metadata": {},
   "source": [
    "## 폐암환자 생존여부 머신러닝(SVM)으로 예측하기  - 4주차 온라인 4강 소스코드 참조"
   ]
  },
  {
   "cell_type": "markdown",
   "metadata": {},
   "source": [
    "### 1. 사용 패키지와 모듈 임포트"
   ]
  },
  {
   "cell_type": "code",
   "metadata": {
    "ExecuteTime": {
     "end_time": "2025-05-28T06:24:43.287745Z",
     "start_time": "2025-05-28T06:24:43.017736Z"
    }
   },
   "source": [
    "import pandas as pd\n",
    "from sklearn.model_selection import train_test_split #학습데이터와 테스트데이터 분할\n",
    "from sklearn import svm   #SVM 모델\n",
    "from sklearn import metrics  #정확도 비교"
   ],
   "outputs": [],
   "execution_count": 1
  },
  {
   "cell_type": "markdown",
   "metadata": {},
   "source": [
    "### 2. 데이터 가져오기"
   ]
  },
  {
   "cell_type": "code",
   "metadata": {
    "ExecuteTime": {
     "end_time": "2025-05-28T06:24:43.337904Z",
     "start_time": "2025-05-28T06:24:43.323018Z"
    }
   },
   "source": [
    "df = pd.read_csv('./thoracic_surgery.csv')\n",
    "#일부 데이터만 가져오기\n",
    "#data_df = df[0:행개수] \n",
    "data_df = df\n",
    "data_df.head()"
   ],
   "outputs": [
    {
     "data": {
      "text/plain": [
       "    A1  A2    A3    A4  A5  A6  A7  A8  A9  A10  A11  A12  A13  A14  A15  A16  \\\n",
       "0  293   1  3.80  2.80   0   0   0   0   0    0   12    0    0    0    1    0   \n",
       "1    1   2  2.88  2.16   1   0   0   0   1    1   14    0    0    0    1    0   \n",
       "2    8   2  3.19  2.50   1   0   0   0   1    0   11    0    0    1    1    0   \n",
       "3   14   2  3.98  3.06   2   0   0   0   1    1   14    0    0    0    1    0   \n",
       "4   17   2  2.21  1.88   0   0   1   0   0    0   12    0    0    0    1    0   \n",
       "\n",
       "   A17  Class  \n",
       "0   62      0  \n",
       "1   60      0  \n",
       "2   66      1  \n",
       "3   80      1  \n",
       "4   56      0  "
      ],
      "text/html": [
       "<div>\n",
       "<style scoped>\n",
       "    .dataframe tbody tr th:only-of-type {\n",
       "        vertical-align: middle;\n",
       "    }\n",
       "\n",
       "    .dataframe tbody tr th {\n",
       "        vertical-align: top;\n",
       "    }\n",
       "\n",
       "    .dataframe thead th {\n",
       "        text-align: right;\n",
       "    }\n",
       "</style>\n",
       "<table border=\"1\" class=\"dataframe\">\n",
       "  <thead>\n",
       "    <tr style=\"text-align: right;\">\n",
       "      <th></th>\n",
       "      <th>A1</th>\n",
       "      <th>A2</th>\n",
       "      <th>A3</th>\n",
       "      <th>A4</th>\n",
       "      <th>A5</th>\n",
       "      <th>A6</th>\n",
       "      <th>A7</th>\n",
       "      <th>A8</th>\n",
       "      <th>A9</th>\n",
       "      <th>A10</th>\n",
       "      <th>A11</th>\n",
       "      <th>A12</th>\n",
       "      <th>A13</th>\n",
       "      <th>A14</th>\n",
       "      <th>A15</th>\n",
       "      <th>A16</th>\n",
       "      <th>A17</th>\n",
       "      <th>Class</th>\n",
       "    </tr>\n",
       "  </thead>\n",
       "  <tbody>\n",
       "    <tr>\n",
       "      <th>0</th>\n",
       "      <td>293</td>\n",
       "      <td>1</td>\n",
       "      <td>3.80</td>\n",
       "      <td>2.80</td>\n",
       "      <td>0</td>\n",
       "      <td>0</td>\n",
       "      <td>0</td>\n",
       "      <td>0</td>\n",
       "      <td>0</td>\n",
       "      <td>0</td>\n",
       "      <td>12</td>\n",
       "      <td>0</td>\n",
       "      <td>0</td>\n",
       "      <td>0</td>\n",
       "      <td>1</td>\n",
       "      <td>0</td>\n",
       "      <td>62</td>\n",
       "      <td>0</td>\n",
       "    </tr>\n",
       "    <tr>\n",
       "      <th>1</th>\n",
       "      <td>1</td>\n",
       "      <td>2</td>\n",
       "      <td>2.88</td>\n",
       "      <td>2.16</td>\n",
       "      <td>1</td>\n",
       "      <td>0</td>\n",
       "      <td>0</td>\n",
       "      <td>0</td>\n",
       "      <td>1</td>\n",
       "      <td>1</td>\n",
       "      <td>14</td>\n",
       "      <td>0</td>\n",
       "      <td>0</td>\n",
       "      <td>0</td>\n",
       "      <td>1</td>\n",
       "      <td>0</td>\n",
       "      <td>60</td>\n",
       "      <td>0</td>\n",
       "    </tr>\n",
       "    <tr>\n",
       "      <th>2</th>\n",
       "      <td>8</td>\n",
       "      <td>2</td>\n",
       "      <td>3.19</td>\n",
       "      <td>2.50</td>\n",
       "      <td>1</td>\n",
       "      <td>0</td>\n",
       "      <td>0</td>\n",
       "      <td>0</td>\n",
       "      <td>1</td>\n",
       "      <td>0</td>\n",
       "      <td>11</td>\n",
       "      <td>0</td>\n",
       "      <td>0</td>\n",
       "      <td>1</td>\n",
       "      <td>1</td>\n",
       "      <td>0</td>\n",
       "      <td>66</td>\n",
       "      <td>1</td>\n",
       "    </tr>\n",
       "    <tr>\n",
       "      <th>3</th>\n",
       "      <td>14</td>\n",
       "      <td>2</td>\n",
       "      <td>3.98</td>\n",
       "      <td>3.06</td>\n",
       "      <td>2</td>\n",
       "      <td>0</td>\n",
       "      <td>0</td>\n",
       "      <td>0</td>\n",
       "      <td>1</td>\n",
       "      <td>1</td>\n",
       "      <td>14</td>\n",
       "      <td>0</td>\n",
       "      <td>0</td>\n",
       "      <td>0</td>\n",
       "      <td>1</td>\n",
       "      <td>0</td>\n",
       "      <td>80</td>\n",
       "      <td>1</td>\n",
       "    </tr>\n",
       "    <tr>\n",
       "      <th>4</th>\n",
       "      <td>17</td>\n",
       "      <td>2</td>\n",
       "      <td>2.21</td>\n",
       "      <td>1.88</td>\n",
       "      <td>0</td>\n",
       "      <td>0</td>\n",
       "      <td>1</td>\n",
       "      <td>0</td>\n",
       "      <td>0</td>\n",
       "      <td>0</td>\n",
       "      <td>12</td>\n",
       "      <td>0</td>\n",
       "      <td>0</td>\n",
       "      <td>0</td>\n",
       "      <td>1</td>\n",
       "      <td>0</td>\n",
       "      <td>56</td>\n",
       "      <td>0</td>\n",
       "    </tr>\n",
       "  </tbody>\n",
       "</table>\n",
       "</div>"
      ]
     },
     "execution_count": 2,
     "metadata": {},
     "output_type": "execute_result"
    }
   ],
   "execution_count": 2
  },
  {
   "cell_type": "code",
   "metadata": {
    "ExecuteTime": {
     "end_time": "2025-05-28T06:24:43.371606Z",
     "start_time": "2025-05-28T06:24:43.369994Z"
    }
   },
   "source": [
    "#각 행은 환자 한명 한명의 기록\n",
    "#A1~A17 : 종양유형, 폐활량, 호흡곤란여부, 고통정도, 기침, 흡연, 천식여부 등의 수술 전 환자 상태\n",
    "#         1은 해당사항 있음, 0은 해당 사항없음\n",
    "#Class : 수술 후 생존 결과 (생존은 1, 사망은 0)"
   ],
   "outputs": [],
   "execution_count": 3
  },
  {
   "cell_type": "code",
   "metadata": {
    "ExecuteTime": {
     "end_time": "2025-05-28T06:24:43.407811Z",
     "start_time": "2025-05-28T06:24:43.405644Z"
    }
   },
   "source": [
    "#데이터의 행,열 개수 확인\n",
    "data_df.shape  "
   ],
   "outputs": [
    {
     "data": {
      "text/plain": [
       "(470, 18)"
      ]
     },
     "execution_count": 4,
     "metadata": {},
     "output_type": "execute_result"
    }
   ],
   "execution_count": 4
  },
  {
   "cell_type": "markdown",
   "metadata": {},
   "source": [
    "### 3. 데이터셋 나누기"
   ]
  },
  {
   "cell_type": "code",
   "metadata": {
    "ExecuteTime": {
     "end_time": "2025-05-28T06:24:43.463755Z",
     "start_time": "2025-05-28T06:24:43.460538Z"
    }
   },
   "source": [
    "#일반적으로 80%/20%, 70%/30% 비율로 분할 (data_df, test_size= 0.2)\n",
    "train, test = train_test_split(data_df, test_size=0.2,random_state=42)"
   ],
   "outputs": [],
   "execution_count": 5
  },
  {
   "cell_type": "code",
   "metadata": {
    "ExecuteTime": {
     "end_time": "2025-05-28T06:24:43.492690Z",
     "start_time": "2025-05-28T06:24:43.490682Z"
    }
   },
   "source": [
    "print(\"train data\", train.shape)\n",
    "print(\"test data\",test.shape)"
   ],
   "outputs": [
    {
     "name": "stdout",
     "output_type": "stream",
     "text": [
      "train data (376, 18)\n",
      "test data (94, 18)\n"
     ]
    }
   ],
   "execution_count": 6
  },
  {
   "cell_type": "markdown",
   "metadata": {},
   "source": [
    "### 4. 학습에 사용할 변수(특징, Feature) 선택하기"
   ]
  },
  {
   "cell_type": "code",
   "metadata": {
    "ExecuteTime": {
     "end_time": "2025-05-28T06:24:43.529627Z",
     "start_time": "2025-05-28T06:24:43.522667Z"
    }
   },
   "source": [
    "data_df.info()    #데이터 타입, 각 아이템 개수, 누락데이터(NaN(Not a Number or Not Available) 등 확인"
   ],
   "outputs": [
    {
     "name": "stdout",
     "output_type": "stream",
     "text": [
      "<class 'pandas.core.frame.DataFrame'>\n",
      "RangeIndex: 470 entries, 0 to 469\n",
      "Data columns (total 18 columns):\n",
      " #   Column  Non-Null Count  Dtype  \n",
      "---  ------  --------------  -----  \n",
      " 0   A1      470 non-null    int64  \n",
      " 1   A2      470 non-null    int64  \n",
      " 2   A3      470 non-null    float64\n",
      " 3   A4      470 non-null    float64\n",
      " 4   A5      470 non-null    int64  \n",
      " 5   A6      470 non-null    int64  \n",
      " 6   A7      470 non-null    int64  \n",
      " 7   A8      470 non-null    int64  \n",
      " 8   A9      470 non-null    int64  \n",
      " 9   A10     470 non-null    int64  \n",
      " 10  A11     470 non-null    int64  \n",
      " 11  A12     470 non-null    int64  \n",
      " 12  A13     470 non-null    int64  \n",
      " 13  A14     470 non-null    int64  \n",
      " 14  A15     470 non-null    int64  \n",
      " 15  A16     470 non-null    int64  \n",
      " 16  A17     470 non-null    int64  \n",
      " 17  Class   470 non-null    int64  \n",
      "dtypes: float64(2), int64(16)\n",
      "memory usage: 66.2 KB\n"
     ]
    }
   ],
   "execution_count": 7
  },
  {
   "cell_type": "code",
   "metadata": {
    "ExecuteTime": {
     "end_time": "2025-05-28T06:24:43.565174Z",
     "start_time": "2025-05-28T06:24:43.557442Z"
    }
   },
   "source": [
    "data_df.corr()   # 상관계수 보기"
   ],
   "outputs": [
    {
     "data": {
      "text/plain": [
       "             A1        A2        A3        A4        A5        A6        A7  \\\n",
       "A1     1.000000 -0.007878 -0.034985  0.029563 -0.021449  0.052724  0.027238   \n",
       "A2    -0.007878  1.000000  0.121263  0.058780 -0.055900  0.047900 -0.062958   \n",
       "A3    -0.034985  0.121263  1.000000  0.032975 -0.091094  0.019786 -0.095827   \n",
       "A4     0.029563  0.058780  0.032975  1.000000 -0.143155  0.161615  0.102979   \n",
       "A5    -0.021449 -0.055900 -0.091094 -0.143155  1.000000  0.092863  0.123296   \n",
       "A6     0.052724  0.047900  0.019786  0.161615  0.092863  1.000000  0.256225   \n",
       "A7     0.027238 -0.062958 -0.095827  0.102979  0.123296  0.256225  1.000000   \n",
       "A8    -0.061885 -0.047142  0.055829  0.260073  0.092863  0.067529  0.134386   \n",
       "A9     0.008845 -0.075850 -0.052770 -0.099914  0.684647 -0.024115  0.081772   \n",
       "A10    0.027271 -0.019562 -0.100242 -0.086103  0.418042 -0.072455  0.060393   \n",
       "A11    0.047079 -0.135050  0.034088  0.015504  0.089751  0.099942  0.059840   \n",
       "A12   -0.009229  0.029753 -0.115145 -0.022251  0.025310  0.022578 -0.001471   \n",
       "A13   -0.016382 -0.008675 -0.009135 -0.013617  0.026788 -0.017372 -0.026886   \n",
       "A14   -0.015761 -0.017461 -0.035584 -0.025088  0.023166 -0.034968  0.086156   \n",
       "A15   -0.038681 -0.107427 -0.012009 -0.100853  0.172289 -0.077406 -0.044942   \n",
       "A16   -0.042400 -0.008675 -0.060578 -0.016509 -0.034330 -0.017372 -0.026886   \n",
       "A17   -0.005826  0.076271 -0.290178 -0.115900  0.214528  0.044789  0.086705   \n",
       "Class -0.074924  0.060444 -0.046374 -0.042841  0.093200  0.057375  0.065785   \n",
       "\n",
       "             A8        A9       A10       A11       A12       A13       A14  \\\n",
       "A1    -0.061885  0.008845  0.027271  0.047079 -0.009229 -0.016382 -0.015761   \n",
       "A2    -0.047142 -0.075850 -0.019562 -0.135050  0.029753 -0.008675 -0.017461   \n",
       "A3     0.055829 -0.052770 -0.100242  0.034088 -0.115145 -0.009135 -0.035584   \n",
       "A4     0.260073 -0.099914 -0.086103  0.015504 -0.022251 -0.013617 -0.025088   \n",
       "A5     0.092863  0.684647  0.418042  0.089751  0.025310  0.026788  0.023166   \n",
       "A6     0.067529 -0.024115 -0.072455  0.099942  0.022578 -0.017372 -0.034968   \n",
       "A7     0.134386  0.081772  0.060393  0.059840 -0.001471 -0.026886  0.086156   \n",
       "A8     1.000000  0.049843 -0.072455  0.075502 -0.042725 -0.017372  0.097572   \n",
       "A9     0.049843  1.000000  0.202245  0.145345  0.016551  0.044101  0.017815   \n",
       "A10   -0.072455  0.202245  1.000000 -0.036044  0.069522  0.058695  0.029726   \n",
       "A11    0.075502  0.145345 -0.036044  1.000000  0.037363 -0.022009 -0.020854   \n",
       "A12   -0.042725  0.016551  0.069522  0.037363  1.000000 -0.018543  0.025328   \n",
       "A13   -0.017372  0.044101  0.058695 -0.022009 -0.018543  1.000000 -0.008602   \n",
       "A14    0.097572  0.017815  0.029726 -0.020854  0.025328 -0.008602  1.000000   \n",
       "A15   -0.077406  0.200373  0.118527  0.038303 -0.036906  0.030496  0.061386   \n",
       "A16   -0.017372 -0.026401 -0.029161 -0.022009 -0.018543 -0.004274 -0.008602   \n",
       "A17   -0.015331  0.149589  0.208003  0.016118  0.085081 -0.030320  0.058112   \n",
       "Class  0.105530  0.088860  0.086467  0.174371  0.108974 -0.027347  0.037354   \n",
       "\n",
       "            A15       A16       A17     Class  \n",
       "A1    -0.038681 -0.042400 -0.005826 -0.074924  \n",
       "A2    -0.107427 -0.008675  0.076271  0.060444  \n",
       "A3    -0.012009 -0.060578 -0.290178 -0.046374  \n",
       "A4    -0.100853 -0.016509 -0.115900 -0.042841  \n",
       "A5     0.172289 -0.034330  0.214528  0.093200  \n",
       "A6    -0.077406 -0.017372  0.044789  0.057375  \n",
       "A7    -0.044942 -0.026886  0.086705  0.065785  \n",
       "A8    -0.077406 -0.017372 -0.015331  0.105530  \n",
       "A9     0.200373 -0.026401  0.149589  0.088860  \n",
       "A10    0.118527 -0.029161  0.208003  0.086467  \n",
       "A11    0.038303 -0.022009  0.016118  0.174371  \n",
       "A12   -0.036906 -0.018543  0.085081  0.108974  \n",
       "A13    0.030496 -0.004274 -0.030320 -0.027347  \n",
       "A14    0.061386 -0.008602  0.058112  0.037354  \n",
       "A15    1.000000 -0.054820  0.068869  0.085958  \n",
       "A16   -0.054820  1.000000 -0.019046 -0.027347  \n",
       "A17    0.068869 -0.019046  1.000000  0.038902  \n",
       "Class  0.085958 -0.027347  0.038902  1.000000  "
      ],
      "text/html": [
       "<div>\n",
       "<style scoped>\n",
       "    .dataframe tbody tr th:only-of-type {\n",
       "        vertical-align: middle;\n",
       "    }\n",
       "\n",
       "    .dataframe tbody tr th {\n",
       "        vertical-align: top;\n",
       "    }\n",
       "\n",
       "    .dataframe thead th {\n",
       "        text-align: right;\n",
       "    }\n",
       "</style>\n",
       "<table border=\"1\" class=\"dataframe\">\n",
       "  <thead>\n",
       "    <tr style=\"text-align: right;\">\n",
       "      <th></th>\n",
       "      <th>A1</th>\n",
       "      <th>A2</th>\n",
       "      <th>A3</th>\n",
       "      <th>A4</th>\n",
       "      <th>A5</th>\n",
       "      <th>A6</th>\n",
       "      <th>A7</th>\n",
       "      <th>A8</th>\n",
       "      <th>A9</th>\n",
       "      <th>A10</th>\n",
       "      <th>A11</th>\n",
       "      <th>A12</th>\n",
       "      <th>A13</th>\n",
       "      <th>A14</th>\n",
       "      <th>A15</th>\n",
       "      <th>A16</th>\n",
       "      <th>A17</th>\n",
       "      <th>Class</th>\n",
       "    </tr>\n",
       "  </thead>\n",
       "  <tbody>\n",
       "    <tr>\n",
       "      <th>A1</th>\n",
       "      <td>1.000000</td>\n",
       "      <td>-0.007878</td>\n",
       "      <td>-0.034985</td>\n",
       "      <td>0.029563</td>\n",
       "      <td>-0.021449</td>\n",
       "      <td>0.052724</td>\n",
       "      <td>0.027238</td>\n",
       "      <td>-0.061885</td>\n",
       "      <td>0.008845</td>\n",
       "      <td>0.027271</td>\n",
       "      <td>0.047079</td>\n",
       "      <td>-0.009229</td>\n",
       "      <td>-0.016382</td>\n",
       "      <td>-0.015761</td>\n",
       "      <td>-0.038681</td>\n",
       "      <td>-0.042400</td>\n",
       "      <td>-0.005826</td>\n",
       "      <td>-0.074924</td>\n",
       "    </tr>\n",
       "    <tr>\n",
       "      <th>A2</th>\n",
       "      <td>-0.007878</td>\n",
       "      <td>1.000000</td>\n",
       "      <td>0.121263</td>\n",
       "      <td>0.058780</td>\n",
       "      <td>-0.055900</td>\n",
       "      <td>0.047900</td>\n",
       "      <td>-0.062958</td>\n",
       "      <td>-0.047142</td>\n",
       "      <td>-0.075850</td>\n",
       "      <td>-0.019562</td>\n",
       "      <td>-0.135050</td>\n",
       "      <td>0.029753</td>\n",
       "      <td>-0.008675</td>\n",
       "      <td>-0.017461</td>\n",
       "      <td>-0.107427</td>\n",
       "      <td>-0.008675</td>\n",
       "      <td>0.076271</td>\n",
       "      <td>0.060444</td>\n",
       "    </tr>\n",
       "    <tr>\n",
       "      <th>A3</th>\n",
       "      <td>-0.034985</td>\n",
       "      <td>0.121263</td>\n",
       "      <td>1.000000</td>\n",
       "      <td>0.032975</td>\n",
       "      <td>-0.091094</td>\n",
       "      <td>0.019786</td>\n",
       "      <td>-0.095827</td>\n",
       "      <td>0.055829</td>\n",
       "      <td>-0.052770</td>\n",
       "      <td>-0.100242</td>\n",
       "      <td>0.034088</td>\n",
       "      <td>-0.115145</td>\n",
       "      <td>-0.009135</td>\n",
       "      <td>-0.035584</td>\n",
       "      <td>-0.012009</td>\n",
       "      <td>-0.060578</td>\n",
       "      <td>-0.290178</td>\n",
       "      <td>-0.046374</td>\n",
       "    </tr>\n",
       "    <tr>\n",
       "      <th>A4</th>\n",
       "      <td>0.029563</td>\n",
       "      <td>0.058780</td>\n",
       "      <td>0.032975</td>\n",
       "      <td>1.000000</td>\n",
       "      <td>-0.143155</td>\n",
       "      <td>0.161615</td>\n",
       "      <td>0.102979</td>\n",
       "      <td>0.260073</td>\n",
       "      <td>-0.099914</td>\n",
       "      <td>-0.086103</td>\n",
       "      <td>0.015504</td>\n",
       "      <td>-0.022251</td>\n",
       "      <td>-0.013617</td>\n",
       "      <td>-0.025088</td>\n",
       "      <td>-0.100853</td>\n",
       "      <td>-0.016509</td>\n",
       "      <td>-0.115900</td>\n",
       "      <td>-0.042841</td>\n",
       "    </tr>\n",
       "    <tr>\n",
       "      <th>A5</th>\n",
       "      <td>-0.021449</td>\n",
       "      <td>-0.055900</td>\n",
       "      <td>-0.091094</td>\n",
       "      <td>-0.143155</td>\n",
       "      <td>1.000000</td>\n",
       "      <td>0.092863</td>\n",
       "      <td>0.123296</td>\n",
       "      <td>0.092863</td>\n",
       "      <td>0.684647</td>\n",
       "      <td>0.418042</td>\n",
       "      <td>0.089751</td>\n",
       "      <td>0.025310</td>\n",
       "      <td>0.026788</td>\n",
       "      <td>0.023166</td>\n",
       "      <td>0.172289</td>\n",
       "      <td>-0.034330</td>\n",
       "      <td>0.214528</td>\n",
       "      <td>0.093200</td>\n",
       "    </tr>\n",
       "    <tr>\n",
       "      <th>A6</th>\n",
       "      <td>0.052724</td>\n",
       "      <td>0.047900</td>\n",
       "      <td>0.019786</td>\n",
       "      <td>0.161615</td>\n",
       "      <td>0.092863</td>\n",
       "      <td>1.000000</td>\n",
       "      <td>0.256225</td>\n",
       "      <td>0.067529</td>\n",
       "      <td>-0.024115</td>\n",
       "      <td>-0.072455</td>\n",
       "      <td>0.099942</td>\n",
       "      <td>0.022578</td>\n",
       "      <td>-0.017372</td>\n",
       "      <td>-0.034968</td>\n",
       "      <td>-0.077406</td>\n",
       "      <td>-0.017372</td>\n",
       "      <td>0.044789</td>\n",
       "      <td>0.057375</td>\n",
       "    </tr>\n",
       "    <tr>\n",
       "      <th>A7</th>\n",
       "      <td>0.027238</td>\n",
       "      <td>-0.062958</td>\n",
       "      <td>-0.095827</td>\n",
       "      <td>0.102979</td>\n",
       "      <td>0.123296</td>\n",
       "      <td>0.256225</td>\n",
       "      <td>1.000000</td>\n",
       "      <td>0.134386</td>\n",
       "      <td>0.081772</td>\n",
       "      <td>0.060393</td>\n",
       "      <td>0.059840</td>\n",
       "      <td>-0.001471</td>\n",
       "      <td>-0.026886</td>\n",
       "      <td>0.086156</td>\n",
       "      <td>-0.044942</td>\n",
       "      <td>-0.026886</td>\n",
       "      <td>0.086705</td>\n",
       "      <td>0.065785</td>\n",
       "    </tr>\n",
       "    <tr>\n",
       "      <th>A8</th>\n",
       "      <td>-0.061885</td>\n",
       "      <td>-0.047142</td>\n",
       "      <td>0.055829</td>\n",
       "      <td>0.260073</td>\n",
       "      <td>0.092863</td>\n",
       "      <td>0.067529</td>\n",
       "      <td>0.134386</td>\n",
       "      <td>1.000000</td>\n",
       "      <td>0.049843</td>\n",
       "      <td>-0.072455</td>\n",
       "      <td>0.075502</td>\n",
       "      <td>-0.042725</td>\n",
       "      <td>-0.017372</td>\n",
       "      <td>0.097572</td>\n",
       "      <td>-0.077406</td>\n",
       "      <td>-0.017372</td>\n",
       "      <td>-0.015331</td>\n",
       "      <td>0.105530</td>\n",
       "    </tr>\n",
       "    <tr>\n",
       "      <th>A9</th>\n",
       "      <td>0.008845</td>\n",
       "      <td>-0.075850</td>\n",
       "      <td>-0.052770</td>\n",
       "      <td>-0.099914</td>\n",
       "      <td>0.684647</td>\n",
       "      <td>-0.024115</td>\n",
       "      <td>0.081772</td>\n",
       "      <td>0.049843</td>\n",
       "      <td>1.000000</td>\n",
       "      <td>0.202245</td>\n",
       "      <td>0.145345</td>\n",
       "      <td>0.016551</td>\n",
       "      <td>0.044101</td>\n",
       "      <td>0.017815</td>\n",
       "      <td>0.200373</td>\n",
       "      <td>-0.026401</td>\n",
       "      <td>0.149589</td>\n",
       "      <td>0.088860</td>\n",
       "    </tr>\n",
       "    <tr>\n",
       "      <th>A10</th>\n",
       "      <td>0.027271</td>\n",
       "      <td>-0.019562</td>\n",
       "      <td>-0.100242</td>\n",
       "      <td>-0.086103</td>\n",
       "      <td>0.418042</td>\n",
       "      <td>-0.072455</td>\n",
       "      <td>0.060393</td>\n",
       "      <td>-0.072455</td>\n",
       "      <td>0.202245</td>\n",
       "      <td>1.000000</td>\n",
       "      <td>-0.036044</td>\n",
       "      <td>0.069522</td>\n",
       "      <td>0.058695</td>\n",
       "      <td>0.029726</td>\n",
       "      <td>0.118527</td>\n",
       "      <td>-0.029161</td>\n",
       "      <td>0.208003</td>\n",
       "      <td>0.086467</td>\n",
       "    </tr>\n",
       "    <tr>\n",
       "      <th>A11</th>\n",
       "      <td>0.047079</td>\n",
       "      <td>-0.135050</td>\n",
       "      <td>0.034088</td>\n",
       "      <td>0.015504</td>\n",
       "      <td>0.089751</td>\n",
       "      <td>0.099942</td>\n",
       "      <td>0.059840</td>\n",
       "      <td>0.075502</td>\n",
       "      <td>0.145345</td>\n",
       "      <td>-0.036044</td>\n",
       "      <td>1.000000</td>\n",
       "      <td>0.037363</td>\n",
       "      <td>-0.022009</td>\n",
       "      <td>-0.020854</td>\n",
       "      <td>0.038303</td>\n",
       "      <td>-0.022009</td>\n",
       "      <td>0.016118</td>\n",
       "      <td>0.174371</td>\n",
       "    </tr>\n",
       "    <tr>\n",
       "      <th>A12</th>\n",
       "      <td>-0.009229</td>\n",
       "      <td>0.029753</td>\n",
       "      <td>-0.115145</td>\n",
       "      <td>-0.022251</td>\n",
       "      <td>0.025310</td>\n",
       "      <td>0.022578</td>\n",
       "      <td>-0.001471</td>\n",
       "      <td>-0.042725</td>\n",
       "      <td>0.016551</td>\n",
       "      <td>0.069522</td>\n",
       "      <td>0.037363</td>\n",
       "      <td>1.000000</td>\n",
       "      <td>-0.018543</td>\n",
       "      <td>0.025328</td>\n",
       "      <td>-0.036906</td>\n",
       "      <td>-0.018543</td>\n",
       "      <td>0.085081</td>\n",
       "      <td>0.108974</td>\n",
       "    </tr>\n",
       "    <tr>\n",
       "      <th>A13</th>\n",
       "      <td>-0.016382</td>\n",
       "      <td>-0.008675</td>\n",
       "      <td>-0.009135</td>\n",
       "      <td>-0.013617</td>\n",
       "      <td>0.026788</td>\n",
       "      <td>-0.017372</td>\n",
       "      <td>-0.026886</td>\n",
       "      <td>-0.017372</td>\n",
       "      <td>0.044101</td>\n",
       "      <td>0.058695</td>\n",
       "      <td>-0.022009</td>\n",
       "      <td>-0.018543</td>\n",
       "      <td>1.000000</td>\n",
       "      <td>-0.008602</td>\n",
       "      <td>0.030496</td>\n",
       "      <td>-0.004274</td>\n",
       "      <td>-0.030320</td>\n",
       "      <td>-0.027347</td>\n",
       "    </tr>\n",
       "    <tr>\n",
       "      <th>A14</th>\n",
       "      <td>-0.015761</td>\n",
       "      <td>-0.017461</td>\n",
       "      <td>-0.035584</td>\n",
       "      <td>-0.025088</td>\n",
       "      <td>0.023166</td>\n",
       "      <td>-0.034968</td>\n",
       "      <td>0.086156</td>\n",
       "      <td>0.097572</td>\n",
       "      <td>0.017815</td>\n",
       "      <td>0.029726</td>\n",
       "      <td>-0.020854</td>\n",
       "      <td>0.025328</td>\n",
       "      <td>-0.008602</td>\n",
       "      <td>1.000000</td>\n",
       "      <td>0.061386</td>\n",
       "      <td>-0.008602</td>\n",
       "      <td>0.058112</td>\n",
       "      <td>0.037354</td>\n",
       "    </tr>\n",
       "    <tr>\n",
       "      <th>A15</th>\n",
       "      <td>-0.038681</td>\n",
       "      <td>-0.107427</td>\n",
       "      <td>-0.012009</td>\n",
       "      <td>-0.100853</td>\n",
       "      <td>0.172289</td>\n",
       "      <td>-0.077406</td>\n",
       "      <td>-0.044942</td>\n",
       "      <td>-0.077406</td>\n",
       "      <td>0.200373</td>\n",
       "      <td>0.118527</td>\n",
       "      <td>0.038303</td>\n",
       "      <td>-0.036906</td>\n",
       "      <td>0.030496</td>\n",
       "      <td>0.061386</td>\n",
       "      <td>1.000000</td>\n",
       "      <td>-0.054820</td>\n",
       "      <td>0.068869</td>\n",
       "      <td>0.085958</td>\n",
       "    </tr>\n",
       "    <tr>\n",
       "      <th>A16</th>\n",
       "      <td>-0.042400</td>\n",
       "      <td>-0.008675</td>\n",
       "      <td>-0.060578</td>\n",
       "      <td>-0.016509</td>\n",
       "      <td>-0.034330</td>\n",
       "      <td>-0.017372</td>\n",
       "      <td>-0.026886</td>\n",
       "      <td>-0.017372</td>\n",
       "      <td>-0.026401</td>\n",
       "      <td>-0.029161</td>\n",
       "      <td>-0.022009</td>\n",
       "      <td>-0.018543</td>\n",
       "      <td>-0.004274</td>\n",
       "      <td>-0.008602</td>\n",
       "      <td>-0.054820</td>\n",
       "      <td>1.000000</td>\n",
       "      <td>-0.019046</td>\n",
       "      <td>-0.027347</td>\n",
       "    </tr>\n",
       "    <tr>\n",
       "      <th>A17</th>\n",
       "      <td>-0.005826</td>\n",
       "      <td>0.076271</td>\n",
       "      <td>-0.290178</td>\n",
       "      <td>-0.115900</td>\n",
       "      <td>0.214528</td>\n",
       "      <td>0.044789</td>\n",
       "      <td>0.086705</td>\n",
       "      <td>-0.015331</td>\n",
       "      <td>0.149589</td>\n",
       "      <td>0.208003</td>\n",
       "      <td>0.016118</td>\n",
       "      <td>0.085081</td>\n",
       "      <td>-0.030320</td>\n",
       "      <td>0.058112</td>\n",
       "      <td>0.068869</td>\n",
       "      <td>-0.019046</td>\n",
       "      <td>1.000000</td>\n",
       "      <td>0.038902</td>\n",
       "    </tr>\n",
       "    <tr>\n",
       "      <th>Class</th>\n",
       "      <td>-0.074924</td>\n",
       "      <td>0.060444</td>\n",
       "      <td>-0.046374</td>\n",
       "      <td>-0.042841</td>\n",
       "      <td>0.093200</td>\n",
       "      <td>0.057375</td>\n",
       "      <td>0.065785</td>\n",
       "      <td>0.105530</td>\n",
       "      <td>0.088860</td>\n",
       "      <td>0.086467</td>\n",
       "      <td>0.174371</td>\n",
       "      <td>0.108974</td>\n",
       "      <td>-0.027347</td>\n",
       "      <td>0.037354</td>\n",
       "      <td>0.085958</td>\n",
       "      <td>-0.027347</td>\n",
       "      <td>0.038902</td>\n",
       "      <td>1.000000</td>\n",
       "    </tr>\n",
       "  </tbody>\n",
       "</table>\n",
       "</div>"
      ]
     },
     "execution_count": 8,
     "metadata": {},
     "output_type": "execute_result"
    }
   ],
   "execution_count": 8
  },
  {
   "cell_type": "markdown",
   "metadata": {},
   "source": [
    "### 5. 학습용 데이터셋 : 학습데이터와 레이블(정답) 나누기"
   ]
  },
  {
   "cell_type": "code",
   "metadata": {
    "scrolled": true,
    "ExecuteTime": {
     "end_time": "2025-05-28T06:24:43.607452Z",
     "start_time": "2025-05-28T06:24:43.602929Z"
    }
   },
   "source": [
    "train_data_df = train[['A8','A1','A12','A15']]\n",
    "train_data_df "
   ],
   "outputs": [
    {
     "data": {
      "text/plain": [
       "     A8   A1  A12  A15\n",
       "414   0  124    0    1\n",
       "305   0  336    0    1\n",
       "22    1  173    0    1\n",
       "307   0  339    0    1\n",
       "46    0  414    0    1\n",
       "..   ..  ...  ...  ...\n",
       "106   0   73    0    1\n",
       "270   0  288    0    1\n",
       "348   0  394    0    1\n",
       "435   0  350    0    0\n",
       "102   0   69    0    1\n",
       "\n",
       "[376 rows x 4 columns]"
      ],
      "text/html": [
       "<div>\n",
       "<style scoped>\n",
       "    .dataframe tbody tr th:only-of-type {\n",
       "        vertical-align: middle;\n",
       "    }\n",
       "\n",
       "    .dataframe tbody tr th {\n",
       "        vertical-align: top;\n",
       "    }\n",
       "\n",
       "    .dataframe thead th {\n",
       "        text-align: right;\n",
       "    }\n",
       "</style>\n",
       "<table border=\"1\" class=\"dataframe\">\n",
       "  <thead>\n",
       "    <tr style=\"text-align: right;\">\n",
       "      <th></th>\n",
       "      <th>A8</th>\n",
       "      <th>A1</th>\n",
       "      <th>A12</th>\n",
       "      <th>A15</th>\n",
       "    </tr>\n",
       "  </thead>\n",
       "  <tbody>\n",
       "    <tr>\n",
       "      <th>414</th>\n",
       "      <td>0</td>\n",
       "      <td>124</td>\n",
       "      <td>0</td>\n",
       "      <td>1</td>\n",
       "    </tr>\n",
       "    <tr>\n",
       "      <th>305</th>\n",
       "      <td>0</td>\n",
       "      <td>336</td>\n",
       "      <td>0</td>\n",
       "      <td>1</td>\n",
       "    </tr>\n",
       "    <tr>\n",
       "      <th>22</th>\n",
       "      <td>1</td>\n",
       "      <td>173</td>\n",
       "      <td>0</td>\n",
       "      <td>1</td>\n",
       "    </tr>\n",
       "    <tr>\n",
       "      <th>307</th>\n",
       "      <td>0</td>\n",
       "      <td>339</td>\n",
       "      <td>0</td>\n",
       "      <td>1</td>\n",
       "    </tr>\n",
       "    <tr>\n",
       "      <th>46</th>\n",
       "      <td>0</td>\n",
       "      <td>414</td>\n",
       "      <td>0</td>\n",
       "      <td>1</td>\n",
       "    </tr>\n",
       "    <tr>\n",
       "      <th>...</th>\n",
       "      <td>...</td>\n",
       "      <td>...</td>\n",
       "      <td>...</td>\n",
       "      <td>...</td>\n",
       "    </tr>\n",
       "    <tr>\n",
       "      <th>106</th>\n",
       "      <td>0</td>\n",
       "      <td>73</td>\n",
       "      <td>0</td>\n",
       "      <td>1</td>\n",
       "    </tr>\n",
       "    <tr>\n",
       "      <th>270</th>\n",
       "      <td>0</td>\n",
       "      <td>288</td>\n",
       "      <td>0</td>\n",
       "      <td>1</td>\n",
       "    </tr>\n",
       "    <tr>\n",
       "      <th>348</th>\n",
       "      <td>0</td>\n",
       "      <td>394</td>\n",
       "      <td>0</td>\n",
       "      <td>1</td>\n",
       "    </tr>\n",
       "    <tr>\n",
       "      <th>435</th>\n",
       "      <td>0</td>\n",
       "      <td>350</td>\n",
       "      <td>0</td>\n",
       "      <td>0</td>\n",
       "    </tr>\n",
       "    <tr>\n",
       "      <th>102</th>\n",
       "      <td>0</td>\n",
       "      <td>69</td>\n",
       "      <td>0</td>\n",
       "      <td>1</td>\n",
       "    </tr>\n",
       "  </tbody>\n",
       "</table>\n",
       "<p>376 rows × 4 columns</p>\n",
       "</div>"
      ]
     },
     "execution_count": 9,
     "metadata": {},
     "output_type": "execute_result"
    }
   ],
   "execution_count": 9
  },
  {
   "cell_type": "code",
   "metadata": {
    "ExecuteTime": {
     "end_time": "2025-05-28T06:24:43.657114Z",
     "start_time": "2025-05-28T06:24:43.653467Z"
    }
   },
   "source": [
    "train_label_df = train[['Class']]\n",
    "train_label_df"
   ],
   "outputs": [
    {
     "data": {
      "text/plain": [
       "     Class\n",
       "414      0\n",
       "305      0\n",
       "22       0\n",
       "307      0\n",
       "46       0\n",
       "..     ...\n",
       "106      0\n",
       "270      0\n",
       "348      0\n",
       "435      0\n",
       "102      0\n",
       "\n",
       "[376 rows x 1 columns]"
      ],
      "text/html": [
       "<div>\n",
       "<style scoped>\n",
       "    .dataframe tbody tr th:only-of-type {\n",
       "        vertical-align: middle;\n",
       "    }\n",
       "\n",
       "    .dataframe tbody tr th {\n",
       "        vertical-align: top;\n",
       "    }\n",
       "\n",
       "    .dataframe thead th {\n",
       "        text-align: right;\n",
       "    }\n",
       "</style>\n",
       "<table border=\"1\" class=\"dataframe\">\n",
       "  <thead>\n",
       "    <tr style=\"text-align: right;\">\n",
       "      <th></th>\n",
       "      <th>Class</th>\n",
       "    </tr>\n",
       "  </thead>\n",
       "  <tbody>\n",
       "    <tr>\n",
       "      <th>414</th>\n",
       "      <td>0</td>\n",
       "    </tr>\n",
       "    <tr>\n",
       "      <th>305</th>\n",
       "      <td>0</td>\n",
       "    </tr>\n",
       "    <tr>\n",
       "      <th>22</th>\n",
       "      <td>0</td>\n",
       "    </tr>\n",
       "    <tr>\n",
       "      <th>307</th>\n",
       "      <td>0</td>\n",
       "    </tr>\n",
       "    <tr>\n",
       "      <th>46</th>\n",
       "      <td>0</td>\n",
       "    </tr>\n",
       "    <tr>\n",
       "      <th>...</th>\n",
       "      <td>...</td>\n",
       "    </tr>\n",
       "    <tr>\n",
       "      <th>106</th>\n",
       "      <td>0</td>\n",
       "    </tr>\n",
       "    <tr>\n",
       "      <th>270</th>\n",
       "      <td>0</td>\n",
       "    </tr>\n",
       "    <tr>\n",
       "      <th>348</th>\n",
       "      <td>0</td>\n",
       "    </tr>\n",
       "    <tr>\n",
       "      <th>435</th>\n",
       "      <td>0</td>\n",
       "    </tr>\n",
       "    <tr>\n",
       "      <th>102</th>\n",
       "      <td>0</td>\n",
       "    </tr>\n",
       "  </tbody>\n",
       "</table>\n",
       "<p>376 rows × 1 columns</p>\n",
       "</div>"
      ]
     },
     "execution_count": 10,
     "metadata": {},
     "output_type": "execute_result"
    }
   ],
   "execution_count": 10
  },
  {
   "cell_type": "code",
   "metadata": {
    "ExecuteTime": {
     "end_time": "2025-05-28T06:24:43.729128Z",
     "start_time": "2025-05-28T06:24:43.726774Z"
    }
   },
   "source": [
    "train_data = train_data_df.values           # 값부분만 가져오기(2차원 형태)\n",
    "train_data"
   ],
   "outputs": [
    {
     "data": {
      "text/plain": [
       "array([[  0, 124,   0,   1],\n",
       "       [  0, 336,   0,   1],\n",
       "       [  1, 173,   0,   1],\n",
       "       ...,\n",
       "       [  0, 394,   0,   1],\n",
       "       [  0, 350,   0,   0],\n",
       "       [  0,  69,   0,   1]])"
      ]
     },
     "execution_count": 11,
     "metadata": {},
     "output_type": "execute_result"
    }
   ],
   "execution_count": 11
  },
  {
   "cell_type": "code",
   "metadata": {
    "ExecuteTime": {
     "end_time": "2025-05-28T06:24:43.903085Z",
     "start_time": "2025-05-28T06:24:43.900960Z"
    }
   },
   "source": [
    "train_label = train_label_df.values.ravel() # 값부분을 1차원으로 펴주기\n",
    "train_label"
   ],
   "outputs": [
    {
     "data": {
      "text/plain": [
       "array([0, 0, 0, 0, 0, 0, 0, 0, 0, 0, 0, 1, 0, 0, 0, 0, 0, 1, 0, 0, 0, 0,\n",
       "       1, 0, 1, 0, 0, 0, 1, 0, 0, 0, 0, 0, 0, 0, 1, 0, 1, 0, 1, 0, 0, 1,\n",
       "       0, 0, 1, 0, 1, 1, 1, 0, 1, 0, 0, 0, 0, 0, 0, 0, 0, 0, 0, 0, 0, 0,\n",
       "       0, 0, 0, 0, 0, 0, 0, 0, 0, 0, 0, 1, 0, 0, 0, 0, 0, 0, 1, 1, 0, 0,\n",
       "       0, 0, 0, 0, 0, 0, 1, 0, 0, 0, 0, 1, 0, 0, 0, 0, 0, 0, 0, 0, 0, 0,\n",
       "       0, 1, 0, 0, 0, 0, 0, 0, 0, 0, 0, 0, 0, 0, 0, 1, 1, 0, 0, 0, 0, 0,\n",
       "       1, 1, 1, 1, 0, 0, 0, 0, 1, 0, 1, 0, 0, 0, 0, 0, 0, 0, 0, 0, 0, 0,\n",
       "       0, 0, 1, 0, 0, 0, 1, 1, 1, 0, 0, 0, 0, 0, 1, 0, 0, 0, 0, 0, 0, 0,\n",
       "       0, 0, 0, 0, 0, 0, 0, 0, 0, 0, 0, 0, 0, 0, 1, 0, 0, 1, 0, 0, 0, 0,\n",
       "       0, 0, 0, 0, 0, 0, 0, 0, 0, 0, 0, 0, 0, 0, 1, 0, 0, 0, 0, 0, 0, 0,\n",
       "       0, 0, 0, 0, 1, 0, 0, 1, 0, 0, 1, 0, 0, 0, 0, 0, 0, 0, 1, 0, 0, 0,\n",
       "       0, 0, 0, 0, 0, 0, 0, 0, 0, 0, 0, 0, 0, 0, 1, 0, 0, 0, 0, 0, 0, 0,\n",
       "       0, 1, 1, 0, 0, 0, 0, 0, 1, 0, 0, 0, 0, 0, 0, 1, 0, 0, 0, 0, 1, 0,\n",
       "       0, 0, 0, 0, 0, 0, 0, 0, 0, 1, 0, 0, 1, 0, 0, 0, 0, 0, 1, 0, 0, 0,\n",
       "       0, 0, 0, 0, 0, 0, 0, 0, 1, 0, 0, 0, 0, 0, 0, 0, 0, 0, 1, 0, 0, 1,\n",
       "       0, 0, 0, 0, 0, 0, 0, 0, 0, 0, 1, 1, 0, 0, 0, 0, 0, 0, 0, 1, 0, 0,\n",
       "       0, 0, 0, 0, 0, 0, 0, 0, 0, 0, 0, 0, 0, 0, 0, 0, 0, 0, 0, 0, 0, 0,\n",
       "       0, 0])"
      ]
     },
     "execution_count": 12,
     "metadata": {},
     "output_type": "execute_result"
    }
   ],
   "execution_count": 12
  },
  {
   "cell_type": "markdown",
   "metadata": {},
   "source": [
    "### 6. 테스트 데이터셋 : 학습데이터와 레이블(정답) 나누기"
   ]
  },
  {
   "cell_type": "code",
   "metadata": {
    "ExecuteTime": {
     "end_time": "2025-05-28T06:24:43.987073Z",
     "start_time": "2025-05-28T06:24:43.977123Z"
    }
   },
   "source": [
    "test_data_df = test[['A8','A1','A12','A15']]\n",
    "test_data_df"
   ],
   "outputs": [
    {
     "data": {
      "text/plain": [
       "     A8   A1  A12  A15\n",
       "55    0    4    0    0\n",
       "73    0   29    0    1\n",
       "33    0  316    0    1\n",
       "446   0  456    0    1\n",
       "425   0  274    1    1\n",
       "..   ..  ...  ...  ...\n",
       "444   0  425    0    1\n",
       "137   0  112    1    1\n",
       "131   0  104    0    0\n",
       "398   0  467    0    1\n",
       "321   0  358    0    1\n",
       "\n",
       "[94 rows x 4 columns]"
      ],
      "text/html": [
       "<div>\n",
       "<style scoped>\n",
       "    .dataframe tbody tr th:only-of-type {\n",
       "        vertical-align: middle;\n",
       "    }\n",
       "\n",
